24
4
93.1042 50.4953
88.8056 49.4705
90.7137 50.3318
92.2347 50.8022
4
99.9817 51.634
98.2318 50.4224
97.8257 51.011
98.8615 52.0474
6
108.475 49.2825
103.677 50.09
104.622 50.2753
105.887 50.406
106.889 50.2743
107.868 49.7937
4
115.486 49.8052
112.898 49.5436
114.362 50.2483
114.962 50.1402
6
118.874 46.8054
117.296 47.6977
118.064 48.0667
118.867 47.7471
119.773 47.0481
119.663 46.6927
3
112.436 45.0116
114.46 45.3398
113.464 44.8089
4
107.745 42.4815
111.13 43.4068
110.412 42.8712
109.244 42.5194
3
104.522 41.9083
106.129 42.1343
104.965 41.5974
4
95.3069 44.2413
97.4518 42.7489
96.3494 42.7256
95.7625 43.3194
5
90.9708 46.8881
93.4807 44.9755
92.1339 45.1151
90.9455 45.2861
90.5858 45.7197
5
87.7513 49.2972
90.2808 47.6935
88.8543 48.0691
88.0138 48.5995
87.7513 49.2972
3
103.677 50.09
97.2597 49.7261
102.256 50.5106
4
111.873 45.1021
115.743 47.7265
117.422 46.6727
116.718 46.3882
9
108.475 49.2825
111.873 45.1021
111.348 44.4574
101.833 42.5149
100.846 42.6638
95.3069 44.2413
90.2808 47.6935
97.2597 49.7261
103.677 50.09
4
94.1476 50.4805
94.8159 50.0134
88.8056 49.4705
93.1042 50.4953
6
95.814 49.9775
97.2597 49.7261
90.2808 47.6935
87.7513 49.2972
88.8056 49.4705
94.8159 50.0134
6
102.065 51.2599
102.256 50.5106
97.2597 49.7261
98.2318 50.4224
99.9817 51.634
100.889 51.5169
7
116.192 49.1346
115.485 48.1354
110.662 49.1301
111.581 49.378
112.898 49.5436
115.486 49.8052
116.679 49.8885
5
116.309 47.8534
117.296 47.6977
118.874 46.8054
117.422 46.6727
115.743 47.7265
5
115.985 45.7272
114.46 45.3398
112.436 45.0116
111.873 45.1021
116.718 46.3882
9
103.312 41.9075
101.833 42.5149
111.348 44.4574
111.668 44.0732
111.83 43.7431
111.13 43.4068
107.745 42.4815
106.129 42.1343
104.522 41.9083
4
99.5158 42.5247
97.4518 42.7489
95.3069 44.2413
100.846 42.6638
5
94.6889 44.3523
93.4807 44.9755
90.9708 46.8881
90.2808 47.6935
95.3069 44.2413
6
115.485 48.1354
115.743 47.7265
111.873 45.1021
108.475 49.2825
109.402 49.293
110.662 49.1301
